a2.70   5.3e1   1.25   9.51   -7.43f   -8.25   
4.10   -4.47   -9.20   10.46   5.91f   0.53   
5.71a   9.2   -4.51   -9.56   0.72   
-8.38o   2.9z0   i3.57   4.8_3   -6,83   4:42   -5,60   
-1.94   8.94   -6.4   -9.83   -8.58   
-2.6i3   -3.55   -2.46   -7.92   -7.48   -1.22   
3.93   3.1e2   -4.48   -3.68   
6.84   -8.40   1.72   m2.69   
-7.39   3.52   -2.24   7.55   -7.52l   
5.97   -4.9e2   7.10   m0.43   1.7   
7.53   -9.25   -2.60   -4.64   7.2   7.34   -9.45   
-6.1   -3.73   -8.78   -7.15   6.58   -2.84   -7.51   
10.17   1.88   -7.1u0   0.74   -5.62   
-4.96   -7.66   6.6u0   0.51   -4.8   
5.62   5.2e0   -8.28   0.62   10.85   
4.81   2.94   4.30   10.66   10.64   
9.60   -7.34   9.51   6.36   
-5.23   8.84   -6.45   9.81   -3.47   -3.36   
1.73   -5.79   -8.64   4.78   3.82   -4.61   
5.96   -8.3e1   4.35   9.16   
-2.25   1.23   -8.49   6.8   10.39   3.65   
3.27   -5.33   -3.29   -1.50   
-3.50   -5.65   1.1i0   0.17   
2.40   5.73   -5.63   4.70   -9.9u   4.45   
5.3   -6.97   5.96   6.49   -3.72   
-5.83   -4.9e2   -2.21   1.22   6.27   8.78   
10.41   7.17   7.9e   -6.50   
-8.79   -8.86   9.57   0.52   
-8.88   6.73   -7.11   2.66   -9.10   9.69   0.70   
-4.62   10.25   10.45   -7.39   0.52   -1.30   
-8.2   -9.3e0   6.2e   -5.76   9.85p   
2.96   7.77   -1.92   -8.71   -2.73   
